
For noise: 0.0 and parameter: 5
State    MRT            
100      472.4999999996428 377.99999999971425
010      353.5866230498702 151.1999999998857
001      478.75855083711394 415.79999999968567
110      0.0             0         
011      0.0             0         
101      0.0             0         
111      0.0             0         
000      0.0             0         
For noise: 0.002 and parameter: 5
State    MRT            
100      73.54034198989588 248.7299999999167
010      80.497269110957 247.53479999991882
001      47.46142898185789 84.37080000000462
110      0.0             0         
011      0.0             0         
101      0.0             0         
111      0.0             0         
000      60.87454880593854 364.3643999998136
For noise: 0.004 and parameter: 5
State    MRT            
100      44.33179905737069 227.09919999993843
010      67.1086179264114 196.7359999999607
001      30.34044879914636 71.11200000000399
110      0.0             0         
011      0.0             0         
101      0.0             0         
111      0.0             0         
000      49.810383164511876 450.05279999973567
For noise: 0.006 and parameter: 5
State    MRT            
100      43.997363223983626 239.86959999992683
010      50.44561836933749 135.80279999999928
001      27.844905350894418 74.49960000000341
110      0.0             0         
011      0.0             0         
101      0.0             0         
111      0.0             0         
000      39.30866083528994 494.82799999969495
For noise: 0.008 and parameter: 5
State    MRT            
100      40.58569048729291 274.49159999989536
010      44.63852576716805 106.28920000000473
001      23.719143864544503 67.86240000000278
110      0.0             0         
011      0.0             0         
101      0.0             0         
111      0.0             0         
000      33.166200505906616 496.3567999996936
For noise: 0.01 and parameter: 5
State    MRT            
100      55.556551557799075 318.12279999985566
010      39.04650156330846 90.24520000000601
001      30.33154099833347 63.657200000002774
110      0.0             0         
011      0.0             0         
101      0.0             0         
111      0.0             0         
000      28.543696782276097 472.97479999971483