
For noise: 0.0 and parameter: 1
State    MRT            
100      0.0             0         
010      478.75855083711394 415.79999999968567
001      478.75855083711394 529.1999999996
110      0.0             0         
011      0.0             0         
101      0.0             0         
111      0.0             0         
000      0.0             0         
For noise: 0.002 and parameter: 1
State    MRT            
100      0.0             0         
010      44.46858113690762 847.0659999993746
001      21.084170183654596 18.33639999999968
110      0.0             0         
011      0.0             0         
101      0.0             0         
111      0.0             0         
000      35.07175813956802 79.59760000000615
For noise: 0.004 and parameter: 1
State    MRT            
100      0.0             0         
010      27.940644379325136 912.8899999993148
001      14.525193722173661 13.178800000000205
110      0.0             0         
011      0.0             0         
101      0.0             0         
111      0.0             0         
000      15.102945441204534 18.931200000000256
For noise: 0.006 and parameter: 1
State    MRT            
100      0.0             0         
010      20.024478911221067 924.8915999993039
001      6.3453887981745165 6.744399999999885
110      0.0             0         
011      0.0             0         
101      0.0             0         
111      0.0             0         
000      15.031595058409547 13.364000000000171
For noise: 0.008 and parameter: 1
State    MRT            
100      0.0             0         
010      16.078061916771244 928.2039999993009
001      7.248848368304154 7.488799999999908
110      0.0             0         
011      0.0             0         
101      0.0             0         
111      0.0             0         
000      9.11392913804669 9.30720000000003
For noise: 0.01 and parameter: 1
State    MRT            
100      0.0             0         
010      15.802309462002038 927.9847999993011
001      6.27956933236656 6.710799999999882
110      0.0             0         
011      0.0             0         
101      0.0             0         
111      0.0             0         
000      9.949076205022171 10.304400000000102