
For noise: 0.0 and parameter: 4
State    MRT            
100      478.75855083711394 415.79999999968567
010      385.79463448805893 188.99999999985712
001      462.95356138567064 340.19999999974283
110      0.0             0         
011      0.0             0         
101      0.0             0         
111      0.0             0         
000      0.0             0         
For noise: 0.002 and parameter: 4
State    MRT            
100      96.79545047839952 759.5379999994543
010      80.2185683658288 42.50759999999284
001      33.01698094415849 18.051600000001226
110      0.0             0         
011      0.0             0         
101      0.0             0         
111      0.0             0         
000      40.044668758765845 124.90280000000638
For noise: 0.004 and parameter: 4
State    MRT            
100      48.22488606514037 885.08879999934
010      37.69059518854064 13.173599999999173
001      21.72526917363206 11.530400000000727
110      0.0             0         
011      0.0             0         
101      0.0             0         
111      0.0             0         
000      14.636836384045063 35.207200000000206
For noise: 0.006 and parameter: 4
State    MRT            
100      28.162791102183462 916.2387999993117
010      20.447388651529714 8.041200000000238
001      12.999994589742647 8.094800000000134
110      0.0             0         
011      0.0             0         
101      0.0             0         
111      0.0             0         
000      8.184048570237579 12.62520000000014
For noise: 0.008 and parameter: 4
State    MRT            
100      59.59320991237347 912.4047999993153
010      49.24471739180429 17.10919999999694
001      9.105400357297384 6.126400000000092
110      0.0             0         
011      0.0             0         
101      0.0             0         
111      0.0             0         
000      11.538827742308209 9.359599999999903
For noise: 0.01 and parameter: 4
State    MRT            
100      39.5968845575484 916.013999999312
010      26.343813043422813 11.04760000000076
001      10.038860044845926 6.521200000000028
110      0.0             0         
011      0.0             0         
101      0.0             0         
111      0.0             0         
000      13.159250713218384 11.417200000000083