
For noise: 0.0 and parameter: 0
State    MRT            
100      0.0             0         
010      462.9535613856707 604.7999999995428
001      462.95356138567064 340.19999999974283
110      0.0             0         
011      0.0             0         
101      0.0             0         
111      0.0             0         
000      0.0             0         
For noise: 0.002 and parameter: 0
State    MRT            
100      0.0             0         
010      28.907744273813126 23.859600000001354
001      48.2355038672667 881.9659999993429
110      0.0             0         
011      0.0             0         
101      0.0             0         
111      0.0             0         
000      27.382427010770833 39.17440000000153
For noise: 0.004 and parameter: 0
State    MRT            
100      0.0             0         
010      15.96390399202741 15.178400000000062
001      20.957871130735928 919.1095999993091
110      0.0             0         
011      0.0             0         
101      0.0             0         
111      0.0             0         
000      6.812210850132903 10.711999999999934
For noise: 0.006 and parameter: 0
State    MRT            
100      0.0             0         
010      10.874888014749173 11.683200000000019
001      16.60398745280277 925.3691999993034
110      0.0             0         
011      0.0             0         
101      0.0             0         
111      0.0             0         
000      6.506981046025312 7.9475999999998965
For noise: 0.008 and parameter: 0
State    MRT            
100      0.0             0         
010      6.468504515470743 8.305599999999863
001      11.834910688287648 929.8487999992993
110      0.0             0         
011      0.0             0         
101      0.0             0         
111      0.0             0         
000      5.4494824524902326 6.845599999999883
For noise: 0.01 and parameter: 0
State    MRT            
100      0.0             0         
010      6.627688712263551 8.329199999999878
001      11.969154968768935 929.5695999992996
110      0.0             0         
011      0.0             0         
101      0.0             0         
111      0.0             0         
000      5.587782297119216 7.101199999999877