
For noise: 0.0 and parameter: 3
State    MRT            
100      478.75855083711394 415.79999999968567
010      472.4999999996428 377.99999999971425
001      353.5866230498702 151.1999999998857
110      0.0             0         
011      0.0             0         
101      0.0             0         
111      0.0             0         
000      0.0             0         
For noise: 0.002 and parameter: 3
State    MRT            
100      61.25576502662963 117.25359999999613
010      14.611357774006098 22.854800000000495
001      41.71166334492313 75.41440000000294
110      0.0             0         
011      0.0             0         
101      0.0             0         
111      0.0             0         
000      60.94952067894581 729.4771999994816
For noise: 0.004 and parameter: 3
State    MRT            
100      22.339850812692642 118.43520000001617
010      5.994843701048449 6.394799999999942
001      19.817882143830207 57.06880000000028
110      0.0             0         
011      0.0             0         
101      0.0             0         
111      0.0             0         
000      28.334802705010546 763.1011999994511
For noise: 0.006 and parameter: 3
State    MRT            
100      25.27626321932714 141.66640000000996
010      3.886374788925988 3.205599999999951
001      21.692723526568706 57.55040000000105
110      0.0             0         
011      0.0             0         
101      0.0             0         
111      0.0             0         
000      30.683490169768618 742.5775999994697
For noise: 0.008 and parameter: 3
State    MRT            
100      26.573163624218775 133.55800000001216
010      3.985055959456466 3.142799999999951
001      20.163329602690293 58.297600000000784
110      0.0             0         
011      0.0             0         
101      0.0             0         
111      0.0             0         
000      27.476420903481834 750.001599999463
For noise: 0.01 and parameter: 3
State    MRT            
100      26.34790808899987 124.48760000001377
010      3.6515077707708077 2.9143999999999557
001      22.98672696725044 64.91800000000251
110      0.0             0         
011      0.0             0         
101      0.0             0         
111      0.0             0         
000      20.287298776966786 752.6799999994605