
For noise: 0.0 and parameter: 2
State    MRT            
100      481.85734403415387 491.3999999996285
010      0.0             0         
001      481.85734403415387 453.5999999996571
110      0.0             0         
011      0.0             0         
101      0.0             0         
111      0.0             0         
000      0.0             0         
For noise: 0.002 and parameter: 2
State    MRT            
100      30.694225825072927 85.79640000000953
010      0.0             0         
001      28.159808255741087 44.17520000000105
110      0.0             0         
011      0.0             0         
101      0.0             0         
111      0.0             0         
000      39.205953064093094 815.0283999994037
For noise: 0.004 and parameter: 2
State    MRT            
100      14.56339560908295 19.768000000000022
010      0.0             0         
001      7.472225170590169 7.446399999999984
110      0.0             0         
011      0.0             0         
101      0.0             0         
111      0.0             0         
000      14.297672910872413 917.7855999993103
For noise: 0.006 and parameter: 2
State    MRT            
100      5.974074070514962 7.001199999999904
010      0.0             0         
001      5.156035233911074 5.040799999999916
110      0.0             0         
011      0.0             0         
101      0.0             0         
111      0.0             0         
000      2.9395946432545674 932.9579999992966
For noise: 0.008 and parameter: 2
State    MRT            
100      5.057068485463274 4.8179999999999215
010      0.0             0         
001      4.861829456764797 4.547599999999925
110      0.0             0         
011      0.0             0         
101      0.0             0         
111      0.0             0         
000      1.888065765095816 935.6343999992941
For noise: 0.01 and parameter: 2
State    MRT            
100      4.661156794902522 4.580799999999925
010      0.0             0         
001      4.595030903051612 4.304399999999929
110      0.0             0         
011      0.0             0         
101      0.0             0         
111      0.0             0         
000      1.3275419641817208 936.1147999992937